0,470
0,469
0,468
0,467
0,466
0,465
0,464
0,463
0,462
150,5
150,4
0,461
0,460
0,459
0,458
0,457
0,456
0,455
0,454
0,453
0,452
129,0
128,4
128,3
128,2
128,1
128,0
127,6
127,5
127,4
127,3
127,2
127,1
127,0
126,4
126,3
126,2
126,1
126,0
125,5
125,4
125,3
125,2
125,1
125,0
124,6
124,5
124,4
124,3
124,2
124,1
124,0
123,3
123,2
123,1
123,0
122,6
122,5
122,4
122,3
122,2
122,1
122,0
121,7
121,6
121,5
121,4
121,3
121,2
121,1
121,0
120,5
120,4
120,3
120,2
120,1
120,0
119,4
119,3
119,2
119,1
119,0
118,3
118,2
118,1
118,0
117,3
117,2
117,1
117,0
116,6
116,5
116,4
116,3
116,2
116,1
116,0
115,3
115,2
115,1
115,0
114,3
114,2
114,1
114,0
113,3
113,2
113,1
113,0
4,3
4,2
4,1
4,0
3,6
3,5
3,4
3,3
3,2
3,1
3,0
2,8
2,7
2,5
2,4
2,3
2,2
2,1
2,0
1,3
1,2
1,1
1,0
0,439
0,416
0,410
0,324
0,243
0,9
0,0
0,1
0,394
0,300
0,393
0,299
0,392
0,298
0,297
0,390
0,296
0,434
0,295
0,433
0,294
0,432
0,293
0,431
0,292
0,430
0,291
0,429
0,290
0,428
0,289
0,288
0,287
0,286
0,285
0,284
0,387
0,283
0,282
0,281
0,280
0,383
0,279
0,450
0,278
0,381
0,277
0,380
0,276
0,449
0,275
0,446
0,274
0,273
0,376
0,272
0,445
129,1
129,2
129,4
129,5
130,1
130,2
131,0
131,2
131,3
132,1
132,2
133,0
133,2
133,3
134,1
134,2
135,0
135,1
135,3
136,1
136,2
137,0
137,1
137,3
138,1
138,2
138,4
138,5
138,7
139,0
139,2
140,0
140,1
140,3
147,0
147,2
147,5
147,7
148,1
148,2
148,5
150,0
150,2
150,7
150,8
151,0
151,1
151,3
167,0
167,1
167,3
167,4
168,0
168,2
168,3
171,0
171,1
171,3
171,4
174,0
174,2
174,3
177,0
177,1
177,3
177,5
178,0
178,2
178,3
178,5
180,0
180,2
180,4
180,5
181,0
181,1
181,3
181,6
185,0
185,2
185,3
186,0
186,1
186,3
186,7
187,0
187,2
187,3
187,7
188,1
188,2
188,4
188,5
188,7
189,0
189,1
189,3
189,4
189,2
188,9
188,6
188,3
188,0
187,6
187,1
186,6
186,2
185,4
185,1
181,5
181,2
180,6
180,3
180,1
178,4
178,1
177,4
177,2
174,4
174,1
171,5
171,2
168,4
168,1
167,6
167,2
151,5
151,2
150,9
150,3
150,1
148,3
148,0
147,3
147,1
140,2
139,3
139,1
138,6
138,3
138,0
137,2
136,3
136,0
135,2
134,3
134,0
133,1
132,3
132,0
131,1
130,3
130,0
129,3
0,271
0,448
0,270
0,444
0,269
0,374
0,268
0,373
0,267
0,266
0,371
0,265
0,370
0,264
0,369
0,263
0,368
0,262
0,367
0,261
0,366
0,260
0,365
0,259
0,424
0,258
0,438
0,257
0,437
0,256
0,436
0,255
0,423
0,254
0,422
0,253
0,443
0,252
0,420
0,251
0,250
0,418
0,249
0,417
0,248
0,414
0,247
0,413
0,246
0,245
0,411
0,244
0,409
0,242
0,408
0,241
0,407
0,240
0,406
0,239
0,405
0,238
0,404
0,237
0,403
0,236
0,402
0,235
0,401
0,234
0,400
0,233
0,232
0,398
0,231
0,364
0,230
0,363
0,229
0,397
0,228
0,396
0,227
0,395
0,226
0,362
0,225
0,361
0,224
0,223
0,359
0,222
0,358
0,221
0,357
0,220
0,356
0,219
0,353
0,218
0,352
0,217
0,351
0,216
0,215
0,349
0,214
0,213
0,347
0,212
0,346
0,211
0,345
0,210
0,344
0,209
0,208
0,342
0,207
0,451
0,206
0,205
0,204
0,338
0,203
0,337
0,202
0,201
0,441
0,200
0,334
0,199
0,198
0,332
0,197
0,331
0,196
0,330
0,195
0,329
0,194
0,193
0,192
0,435
0,63
0,325
0,62
0,61
0,322
0,60
0,59
0,320
0,58
0,57
0,318
0,56
0,317
0,55
0,54
0,53
0,314
0,52
0,440
0,51
0,326
0,50
0,311
0,49
0,310
0,48
0,309
0,47
0,442
0,46
0,447
0,45
0,301
0,6
0,5
0,304
0,303
0,306
0,305
0,302
0,12
0,415
0,10
0,8
0,11
0,4
0,2
0,3
0,7
